latitude=30.01518972192129
longitude=31.21208977203542